LandisData  "Dynamic Fire Region Table"

>> Fire Region Data Table
>>      | Fire region| Fire Size        | Seasonal Foliar Moisture Content (FMC) Data: Hi, Lo, and Proportion (Pr) | Other Ecorgion Data
>>      |            |                  | Spring (Sp)            Summer (Su)             Fall (Fa)                 |           
>> Year | Code Name  | Mu Sigma Min Max | SpFMCLo SpFMCHi SpHiPr SuFMCLo SuFMCHi SuFMCPr FaFMCLo FaFMCHi FaHiPr    | OpenFuel NumFires 
>> ----  -----------  -----------------   ------------------------------------------------------------------------   ----------------
   0	  1    fire1   4.0  0.1  0.5 55   85      100     0.50   92      120     0.50    120     120     0.50        2         0.5
   0	  2    fire2   4.5  0.3  0.5 55   85      105     0.70   94      120     0.40    120     120     0.50        2         0.5
   0	  3    fire3   5.0  0.5  0.5 55   85      110     0.60   90      120     0.70    120     120     0.50        16        0.5
   0	  4    fire4   4.0  0.1  55  100  85      100     0.50   92      120     0.50    120     120     0.50        2         0.5
   0	  5    fire5   4.5  0.3  55  100  85      105     0.70   94      120     0.40    120     120     0.50        2         0.5
   0	  6    fire6   5.0  0.5  55  100  85      110     0.60   90      120     0.70    120     120     0.50        16        0.5
   20	  1    fire1   3.0  0.1  0.5 55   85      100     0.50   92      120     0.50    120     120     0.50        2         0.0
   20	  2    fire2   3.5  0.3  0.5 55   85      105     0.70   94      120     0.40    120     120     0.50        2         0.0
   20	  3    fire3   4.0  0.5  0.5 55   85      110     0.60   90      120     0.70    120     120     0.50        16        0.0
   30	  1    fire1   3.0  0.1  0.5 55   85      100     0.50   92      120     0.50    120     120     0.50        2         0.0
   30	  2    fire2   3.5  0.3  0.5 55   85      105     0.70   94      120     0.40    120     120     0.50        2         0.0
   30	  3    fire3   4.0  0.5  0.5 55   85      110     0.60   90      120     0.70    120     120     0.50        16        0.0
   40	  4    fire4   4.5  0.1  55  100  85      100     0.50   92      120     0.50    120     120     0.50        2         0.5
   40	  5    fire5   5.0  0.3  55  100  85      105     0.70   94      120     0.40    120     120     0.50        2         0.5
   40	  6    fire6   5.5  0.5  55  100  85      110     0.60   90      120     0.70    120     120     0.50        16        0.5

